0.33 0.33 0.33
 0.33 0.33 0.3399999999999999
 0.355125 0.355125 0.28974999999999995
 0.355125 0.355125 0.28974999999999995
 0.3793078125 0.306759375 0.3139328125
 0.3793078125 0.306759375 0.3139328125
 0.40258376953125 0.33275589843750003 0.26466033203125
 0.40258376953125 0.33275589843750003 0.26466033203125
 0.42498687817382813 0.2827125908203125 0.2923005310058593
 0.42498687817382813 0.2827125908203125 0.2923005310058593
 0.4465498702423096 0.3096108686645508 0.24383926109313958
 0.4465498702423096 0.3096108686645508 0.24383926109313958
 0.46730425010822296 0.2578316838143921 0.27486406607738495
 0.46730425010822296 0.2578316838143921 0.27486406607738495
 0.4872803407291646 0.2856629956713524 0.227056663599483
 0.4872803407291646 0.2856629956713524 0.227056663599483
 0.506507327951821 0.2320877203467038 0.26140495170147526
 0.506507327951821 0.2320877203467038 0.26140495170147526
 0.5250133031536277 0.2608844308337024 0.2141022660126699
 0.5962613076805836 0.2608844308337024 0.142854261485714
 0.5962613076805836 0.371751766208647 0.031986926110769365
 0.6265417096045398 0.3481924574414713 0.025265832953988876
 0.6825604531638588 0.250421326057692 0.06701822077844916
 0.73017638518928 0.250421326057692 0.01940228875302802
 0.770649927410888 0.13798452496634578 0.09136554762276622
 0.8050524382992548 0.13798452496634578 0.05696303673439945
 0.8342945725543666 0.008682203711297631 0.1570232237343358
 0.8591503866712116 0.008682203711297631 0.1321674096174908
 0.8644322471710412 0.045856621072123974 0.08971113175683486
 0.884767410095385 0.045856621072123974 0.06937596883249107
 0.8934098543382311 0.010076244362328617 0.09651390129944032
